; input file for the gadget model
; created automatically from Rgadget
; 09-wolffish/01-firsttry/params.in - Wed Feb 20 10:09:44 2019
switch	value	lower	upper	optimise
wolf.Linf	160	100	200	1
wolfimm.k	90	20	150	1
wolfimm.walpha	5.18245289051266e-06	1e-10	1	0
wolfimm.wbeta	3.11069252446768	2	4	0
wolf.bbin	6	1e-08	100	1
wolfimm.M	0.1	0.001	1	0
wolfimm.init.scalar	200	1	300	1
wolf.init.F	0.4	0.1	1	1
wolfimm.init.1	0	-6.90775527898214	6.90775527898214	1
wolfimm.init.2	0	-6.90775527898214	6.90775527898214	1
wolfimm.init.3	0	-6.90775527898214	6.90775527898214	1
wolfimm.init.4	0	-6.90775527898214	6.90775527898214	1
wolfimm.init.5	0	-6.90775527898214	6.90775527898214	1
wolfimm.init.6	0	-6.90775527898214	6.90775527898214	1
wolfimm.init.7	0	-6.90775527898214	6.90775527898214	1
wolfimm.init.8	0	-6.90775527898214	6.90775527898214	1
wolfimm.init.9	0	-6.90775527898214	6.90775527898214	1
wolfimm.init.10	0	-6.90775527898214	6.90775527898214	1
wolfimm.init.11	0	-6.90775527898214	6.90775527898214	1
wolfimm.init.12	0	-6.90775527898214	6.90775527898214	1
wolfimm.init.13	0	-6.90775527898214	6.90775527898214	1
wolfimm.init.14	0	-6.90775527898214	6.90775527898214	1
wolfimm.init.15	0	-6.90775527898214	6.90775527898214	1
wolfimm.init.16	0	-6.90775527898214	6.90775527898214	1
wolfimm.init.17	0	-6.90775527898214	6.90775527898214	1
wolfimm.init.18	0	-6.90775527898214	6.90775527898214	1
wolfimm.init.19	0	-6.90775527898214	6.90775527898214	1
wolfimm.init.20	0	-6.90775527898214	6.90775527898214	1
wolfimm.init.21	0	-6.90775527898214	6.90775527898214	1
wolfimm.init.22	0	-6.90775527898214	6.90775527898214	1
wolfimm.init.23	0	-6.90775527898214	6.90775527898214	1
wolf.recl	12	1	20	1
wolf.mat1	70	10	200	1
wolf.mat2	58	34.8	72.5	1
wolf.rec.scalar	400	1	500	1
wolf.rec.1982	0	-6.90775527898214	6.90775527898214	1
wolf.rec.sd	5	1	20	1
wolf.rec.1983	0	-6.90775527898214	6.90775527898214	1
wolf.rec.1984	0	-6.90775527898214	6.90775527898214	1
wolf.rec.1985	0	-6.90775527898214	6.90775527898214	1
wolf.rec.1986	0	-6.90775527898214	6.90775527898214	1
wolf.rec.1987	0	-6.90775527898214	6.90775527898214	1
wolf.rec.1988	0	-6.90775527898214	6.90775527898214	1
wolf.rec.1989	0	-6.90775527898214	6.90775527898214	1
wolf.rec.1990	0	-6.90775527898214	6.90775527898214	1
wolf.rec.1991	0	-6.90775527898214	6.90775527898214	1
wolf.rec.1992	0	-6.90775527898214	6.90775527898214	1
wolf.rec.1993	0	-6.90775527898214	6.90775527898214	1
wolf.rec.1994	0	-6.90775527898214	6.90775527898214	1
wolf.rec.1995	0	-6.90775527898214	6.90775527898214	1
wolf.rec.1996	0	-6.90775527898214	6.90775527898214	1
wolf.rec.1997	0	-6.90775527898214	6.90775527898214	1
wolf.rec.1998	0	-6.90775527898214	6.90775527898214	1
wolf.rec.1999	0	-6.90775527898214	6.90775527898214	1
wolf.rec.2000	0	-6.90775527898214	6.90775527898214	1
wolf.rec.2001	0	-6.90775527898214	6.90775527898214	1
wolf.rec.2002	0	-6.90775527898214	6.90775527898214	1
wolf.rec.2003	0	-6.90775527898214	6.90775527898214	1
wolf.rec.2004	0	-6.90775527898214	6.90775527898214	1
wolf.rec.2005	0	-6.90775527898214	6.90775527898214	1
wolf.rec.2006	0	-6.90775527898214	6.90775527898214	1
wolf.rec.2007	0	-6.90775527898214	6.90775527898214	1
wolf.rec.2008	0	-6.90775527898214	6.90775527898214	1
wolf.rec.2009	0	-6.90775527898214	6.90775527898214	1
wolf.rec.2010	0	-6.90775527898214	6.90775527898214	1
wolf.rec.2011	0	-6.90775527898214	6.90775527898214	1
wolf.rec.2012	0	-6.90775527898214	6.90775527898214	1
wolf.rec.2013	0	-6.90775527898214	6.90775527898214	1
wolf.rec.2014	0	-6.90775527898214	6.90775527898214	1
wolf.rec.2015	0	-6.90775527898214	6.90775527898214	1
wolf.rec.2016	0	-6.90775527898214	6.90775527898214	1
wolf.rec.2017	0	-6.90775527898214	6.90775527898214	1
wolf.rec.2018	0	-6.90775527898214	6.90775527898214	1
wolfmat.k.1	90	20	100	1
wolfmat.k.2	90	20	100	1
wolfmat.k.3	90	20	100	1
wolfmat.k.4	90	20	100	1
wolfmat.M	0.1	0.001	1	0
wolfmat.init.scalar	200	1	300	1
wolfmat.init.5	0	-6.90775527898214	6.90775527898214	1
wolfmat.init.6	0	-6.90775527898214	6.90775527898214	1
wolfmat.init.7	0	-6.90775527898214	6.90775527898214	1
wolfmat.init.8	0	-6.90775527898214	6.90775527898214	1
wolfmat.init.9	0	-6.90775527898214	6.90775527898214	1
wolfmat.init.10	0	-6.90775527898214	6.90775527898214	1
wolfmat.init.11	0	-6.90775527898214	6.90775527898214	1
wolfmat.init.12	0	-6.90775527898214	6.90775527898214	1
wolfmat.init.13	0	-6.90775527898214	6.90775527898214	1
wolfmat.init.14	0	-6.90775527898214	6.90775527898214	1
wolfmat.init.15	0	-6.90775527898214	6.90775527898214	1
wolfmat.init.16	0	-6.90775527898214	6.90775527898214	1
wolfmat.init.17	0	-6.90775527898214	6.90775527898214	1
wolfmat.init.18	0	-6.90775527898214	6.90775527898214	1
wolfmat.init.19	0	-6.90775527898214	6.90775527898214	1
wolfmat.init.20	0	-6.90775527898214	6.90775527898214	1
wolfmat.init.21	0	-6.90775527898214	6.90775527898214	1
wolfmat.init.22	0	-6.90775527898214	6.90775527898214	1
wolfmat.init.23	0	-6.90775527898214	6.90775527898214	1
wolfmat.walpha	5.18245289051266e-06	1e-10	1	0
wolfmat.wbeta	3.11069252446768	2	4	0
wolf.igfs.alpha	0.5	0.01	3	1
wolf.igfs.l50	50	10	100	1
wolf.aut.alpha	0.5	0.01	3	1
wolf.aut.l50	50	10	100	1
wolf.lln.alpha	0.5	0.01	3	1
wolf.lln.l50	50	10	100	1
wolf.bmt.alpha	0.5	0.01	3	1
wolf.bmt.l50	50	10	100	1
wolf.gil.alpha	0.5	0.01	3	1
wolf.gil.l50	50	10	100	1
